# This file may be used to create an environment using:
# $ conda create --name <env> --file <this file>
# platform: win-64
altgraph=0.17.3=pyhd8ed1ab_0
blas=1.0=mkl
bottleneck=1.3.5=py310h9128911_0
bzip2=1.0.8=h8ffe710_4
ca-certificates=2023.01.10=haa95532_0
cx_oracle=8.3.0=py310h2bbff1b_0
future=0.18.3=pyhd8ed1ab_0
greenlet=2.0.1=py310hd77b12b_0
intel-openmp=2021.4.0=haa95532_3556
krb5=1.19.4=h5b6d351_0
libffi=3.4.2=h8ffe710_5
libpq=12.9=hb652d5d_3
libsqlite=3.40.0=hcfcfb64_0
macholib=1.16.2=pyhd8ed1ab_0
mkl=2021.4.0=haa95532_640
mkl-service=2.4.0=py310h2bbff1b_0
mkl_fft=1.3.1=py310ha0764ea_0
mkl_random=1.2.2=py310h4ed8f06_0
numexpr=2.8.4=py310hd213c9f_0
numpy=1.23.5=py310h60c9a35_0
numpy-base=1.23.5=py310h04254f7_0
openssl=1.1.1t=h2bbff1b_0
packaging=22.0=py310haa95532_0
pandas=1.5.3=py310h4ed8f06_0
pefile=2023.2.7=pyhd8ed1ab_0
pip=23.0.1=pyhd8ed1ab_0
psycopg2=2.9.3=py310hcd4344a_0
pyinstaller=5.6.2=py310h2bbff1b_0
pyinstaller-hooks-contrib=2023.0=pyhd8ed1ab_0
python=3.10.9=h966fe2a_0
python-dateutil=2.8.2=pyhd3eb1b0_0
pytz=2022.7=py310haa95532_0
pywin32=305=py310h2bbff1b_0
pywin32-ctypes=0.2.0=py310haa95532_1000
setuptools=67.5.1=pyhd8ed1ab_0
six=1.16.0=pyhd3eb1b0_1
sqlalchemy=1.4.39=py310h2bbff1b_0
sqlite=3.40.1=h2bbff1b_0
tk=8.6.12=h8ffe710_0
tzdata=2022g=h191b570_0
ucrt=10.0.22621.0=h57928b3_0
vc=14.3=hb6edc58_10
vs2015_runtime=14.34.31931=h4c5c07a_10
wheel=0.38.4=pyhd8ed1ab_0
xz=5.2.10=h8cc25b3_1
zlib=1.2.13=h8cc25b3_0
